3	 5.3251790355
4	 2.9529546248
5	 2.1321507476
6	 1.6991130171
7	 1.4268663382
8	 1.2379633792
9	 1.0982724687
10	 0.9902590759
11	 0.9039326807
12	 0.8331575264
13	 0.7739440461
14	 0.7235789795
15	 0.6801488151
16	 0.6422629666
17	 0.6088850746
18	 0.5792260028
19	 0.5526736228
20	 0.5287453763
21	 0.5070554037
22	 0.4872912546
23	 0.4691970586
24	 0.4525611511
25	 0.4372068296
26	 0.4229853506
27	 0.4097705550
28	 0.3974546959
29	 0.3859451631
30	 0.3751618881
31	 0.3650352682
32	 0.3555044927
33	 0.3465161822
34	 0.3380232751
35	 0.3299841091
36	 0.3223616604
37	 0.3151229082
38	 0.3082383017
39	 0.3016813111
40	 0.2954280466
41	 0.2894569339
42	 0.2837484374
43	 0.2782848215
44	 0.2730499458
45	 0.2680290873
46	 0.2632087858
47	 0.2585767100
48	 0.2541215394
49	 0.2498328617
50	 0.2457010818
51	 0.2417173417
52	 0.2378734502
53	 0.2341618199
54	 0.2305754114
55	 0.2271076837
56	 0.2237525499
57	 0.2205043376
58	 0.2173577529
59	 0.2143078491
60	 0.2113499974
61	 0.2084798612
62	 0.2056933725
63	 0.2029867112
64	 0.2003562854
65	 0.1977987141
66	 0.1953108118
67	 0.1928895736
68	 0.1905321623
69	 0.1882358968
70	 0.1859982405
71	 0.1838167920
72	 0.1816892755
73	 0.1796135328
74	 0.1775875153
75	 0.1756092771
76	 0.1736769686
77	 0.1717888303
78	 0.1699431877
79	 0.1681384455
80	 0.1663730837
81	 0.1646456527
82	 0.1629547695
83	 0.1612991140
84	 0.1596774254
85	 0.1580884989
86	 0.1565311831
87	 0.1550043765
88	 0.1535070258
89	 0.1520381226
90	 0.1505967016
91	 0.1491818383
92	 0.1477926471
93	 0.1464282794
94	 0.1450879216
95	 0.1437707937
96	 0.1424761477
97	 0.1412032660
98	 0.1399514601
99	 0.1387200692
100	 0.1375084592
101	 0.1363160210
102	 0.1351421699
103	 0.1339863443
104	 0.1328480048
105	 0.1317266330
106	 0.1306217310
107	 0.1295328200
108	 0.1284594400
109	 0.1274011487
110	 0.1263575209
111	 0.1253281477
112	 0.1243126358
113	 0.1233106069
114	 0.1223216971
115	 0.1213455563
116	 0.1203818475
117	 0.1194302466
118	 0.1184904413
119	 0.1175621313
120	 0.1166450272
121	 0.1157388506
122	 0.1148433331
123	 0.1139582163
124	 0.1130832514
125	 0.1122181985
126	 0.1113628264
127	 0.1105169124
128	 0.1096802418
129	 0.1088526076
130	 0.1080338101
131	 0.1072236568
132	 0.1064219620
133	 0.1056285465
134	 0.1048432374
135	 0.1040658678
136	 0.1032962767
137	 0.1025343085
138	 0.1017798130
139	 0.1010326451
140	 0.1002926647
141	 0.0995597362
142	 0.0988337288
143	 0.0981145158
144	 0.0974019749
145	 0.0966959877
146	 0.0959964395
147	 0.0953032197
148	 0.0946162208
149	 0.0939353390
150	 0.0932604736
151	 0.0925915273
152	 0.0919284055
153	 0.0912710168
154	 0.0906192723
155	 0.0899730861
156	 0.0893323745
157	 0.0886970567
158	 0.0880670539
159	 0.0874422899
160	 0.0868226903
161	 0.0862081833
162	 0.0855986988
163	 0.0849941686
164	 0.0843945267
165	 0.0837997087
166	 0.0832096518
167	 0.0826242952
168	 0.0820435793
169	 0.0814674465
170	 0.0808958403
171	 0.0803287059
172	 0.0797659897
173	 0.0792076395
174	 0.0786536044
175	 0.0781038346
176	 0.0775582816
177	 0.0770168980
178	 0.0764796376
179	 0.0759464552
180	 0.0754173064
181	 0.0748921481
182	 0.0743709379
183	 0.0738536346
184	 0.0733401976
185	 0.0728305873
186	 0.0723247649
187	 0.0718226923
188	 0.0713243322
189	 0.0708296482
190	 0.0703386044
191	 0.0698511656
192	 0.0693672975
193	 0.0688869661
194	 0.0684101383
195	 0.0679367814
196	 0.0674668635
197	 0.0670003530
198	 0.0665372191
199	 0.0660774313
200	 0.0656209597
201	 0.0651677750
202	 0.0647178482
203	 0.0642711508
204	 0.0638276548
205	 0.0633873328
206	 0.0629501574
207	 0.0625161019
208	 0.0620851400
209	 0.0616572458
210	 0.0612323935
211	 0.0608105581
212	 0.0603917145
213	 0.0599758383
214	 0.0595629052
215	 0.0591528914
216	 0.0587457733
217	 0.0583415276
218	 0.0579401314
219	 0.0575415620
220	 0.0571457970
221	 0.0567528142
222	 0.0563625919
223	 0.0559751084
224	 0.0555903425
225	 0.0552082730
226	 0.0548288791
227	 0.0544521402
228	 0.0540780359
229	 0.0537065461
230	 0.0533376508
231	 0.0529713305
232	 0.0526075655
233	 0.0522463366
234	 0.0518876247
235	 0.0515314109
236	 0.0511776766
237	 0.0508264031
238	 0.0504775723
239	 0.0501311660
240	 0.0497871662
241	 0.0494455552
242	 0.0491063153
243	 0.0487694292
244	 0.0484348795
245	 0.0481026492
246	 0.0477727212
247	 0.0474450789
248	 0.0471197055
249	 0.0467965846
250	 0.0464756999
251	 0.0461570351
252	 0.0458405743
253	 0.0455263015
254	 0.0452142010
255	 0.0449042571
256	 0.0445964543
257	 0.0442907774
258	 0.0439872110
259	 0.0436857401
260	 0.0433863497
261	 0.0430890250
262	 0.0427937512
263	 0.0425005137
264	 0.0422092982
265	 0.0419200901
266	 0.0416328754
267	 0.0413476398
268	 0.0410643693
269	 0.0407830501
270	 0.0405036683
271	 0.0402262104
272	 0.0399506626
273	 0.0396770116
274	 0.0394052441
275	 0.0391353466
276	 0.0388673062
277	 0.0386011098
278	 0.0383367443
279	 0.0380741971
280	 0.0378134552
281	 0.0375545062
282	 0.0372973374
283	 0.0370419364
284	 0.0367882908
285	 0.0365363884
286	 0.0362862169
287	 0.0360377644
288	 0.0357910188
289	 0.0355459682
290	 0.0353026007
291	 0.0350609048
292	 0.0348208687
293	 0.0345824809
294	 0.0343457299
295	 0.0341106043
296	 0.0338770929
297	 0.0336451844
298	 0.0334148677
299	 0.0331861318
300	 0.0329589656
301	 0.0327333583
302	 0.0325092991
303	 0.0322867773
304	 0.0320657821
305	 0.0318463031
306	 0.0316283296
307	 0.0314118514
308	 0.0311968580
309	 0.0309833392
310	 0.0307712847
311	 0.0305606845
312	 0.0303515285
313	 0.0301438067
314	 0.0299375091
315	 0.0297326261
316	 0.0295291477
317	 0.0293270643
318	 0.0291263662
319	 0.0289270440
320	 0.0287290880
321	 0.0285324889
322	 0.0283372373
323	 0.0281433239
324	 0.0279507395
325	 0.0277594749
326	 0.0275695211
327	 0.0273808689
328	 0.0271935095
329	 0.0270074338
330	 0.0268226332
331	 0.0266390987
332	 0.0264568217
333	 0.0262757935
334	 0.0260960055
335	 0.0259174492
336	 0.0257401160
337	 0.0255639977
338	 0.0253890858
339	 0.0252153719
340	 0.0250428480
341	 0.0248715058
342	 0.0247013371
343	 0.0245323339
344	 0.0243644881
345	 0.0241977919
346	 0.0240322374
347	 0.0238678165
348	 0.0237045217
349	 0.0235423451
350	 0.0233812791
351	 0.0232213159
352	 0.0230624481
353	 0.0229046682
354	 0.0227479686
355	 0.0225923419
356	 0.0224377807
357	 0.0222842778
358	 0.0221318259
359	 0.0219804177
360	 0.0218300461
361	 0.0216807040
362	 0.0215323843
363	 0.0213850799
364	 0.0212387840
365	 0.0210934896
366	 0.0209491898
367	 0.0208058777
368	 0.0206635467
369	 0.0205221900
370	 0.0203818009
371	 0.0202423727
372	 0.0201038989
373	 0.0199663729
374	 0.0198297883
375	 0.0196941384
376	 0.0195594171
377	 0.0194256178
378	 0.0192927343
379	 0.0191607602
380	 0.0190296894
381	 0.0188995156
382	 0.0187702327
383	 0.0186418346
384	 0.0185143153
385	 0.0183876686
386	 0.0182618886
387	 0.0181369694
388	 0.0180129050
389	 0.0178896897
390	 0.0177673176
391	 0.0176457828
392	 0.0175250797
393	 0.0174052026
394	 0.0172861458
395	 0.0171679037
396	 0.0170504707
397	 0.0169338413
398	 0.0168180099
399	 0.0167029710
400	 0.0165887194
401	 0.0164752495
402	 0.0163625559
403	 0.0162506335
404	 0.0161394769
405	 0.0160290808
406	 0.0159194401
407	 0.0158105495
408	 0.0157024040
409	 0.0155949984
410	 0.0154883277
411	 0.0153823867
412	 0.0152771706
413	 0.0151726744
414	 0.0150688931
415	 0.0149658218
416	 0.0148634557
417	 0.0147617899
418	 0.0146608197
419	 0.0145605403
420	 0.0144609469
421	 0.0143620349
422	 0.0142637995
423	 0.0141662362
424	 0.0140693404
425	 0.0139731074
426	 0.0138775328
427	 0.0137826120
428	 0.0136883406
429	 0.0135947141
430	 0.0135017281
431	 0.0134093782
432	 0.0133176600
433	 0.0132265693
434	 0.0131361017
435	 0.0130462530
436	 0.0129570189
437	 0.0128683953
438	 0.0127803779
439	 0.0126929626
440	 0.0126061452
441	 0.0125199218
442	 0.0124342881
443	 0.0123492403
444	 0.0122647742
445	 0.0121808859
446	 0.0120975714
447	 0.0120148269
448	 0.0119326483
449	 0.0118510319
450	 0.0117699738
451	 0.0116894701
452	 0.0116095171
453	 0.0115301110
454	 0.0114512480
455	 0.0113729245
456	 0.0112951367
457	 0.0112178811
458	 0.0111411538
459	 0.0110649514
460	 0.0109892702
461	 0.0109141067
462	 0.0108394573
463	 0.0107653185
464	 0.0106916868
465	 0.0106185588
466	 0.0105459309
467	 0.0104737998
468	 0.0104021621
469	 0.0103310144
470	 0.0102603534
471	 0.0101901756
472	 0.0101204779
473	 0.0100512568
474	 0.0099825093
475	 0.0099142319
476	 0.0098464216
477	 0.0097790751
478	 0.0097121892
479	 0.0096457607
480	 0.0095797867
481	 0.0095142639
482	 0.0094491892
483	 0.0093845597
484	 0.0093203721
485	 0.0092566236
486	 0.0091933112
487	 0.0091304317
488	 0.0090679824
489	 0.0090059601
490	 0.0089443621
491	 0.0088831854
492	 0.0088224271
493	 0.0087620843
494	 0.0087021543
495	 0.0086426342
496	 0.0085835212
497	 0.0085248124
498	 0.0084665053
499	 0.0084085969
500	 0.0083510846
501	 0.0082939656
502	 0.0082372373
503	 0.0081808970
504	 0.0081249420
505	 0.0080693698
506	 0.0080141776
507	 0.0079593629
508	 0.0079049231
509	 0.0078508556
510	 0.0077971580
511	 0.0077438276
512	 0.0076908619
513	 0.0076382585
514	 0.0075860149
515	 0.0075341286
516	 0.0074825972
517	 0.0074314182
518	 0.0073805893
519	 0.0073301080
520	 0.0072799719
521	 0.0072301788
522	 0.0071807262
523	 0.0071316118
524	 0.0070828334
525	 0.0070343885
526	 0.0069862750
527	 0.0069384906
528	 0.0068910330
529	 0.0068438999
530	 0.0067970892
531	 0.0067505987
532	 0.0067044262
533	 0.0066585694
534	 0.0066130263
535	 0.0065677946
536	 0.0065228723
537	 0.0064782572
538	 0.0064339473
539	 0.0063899404
540	 0.0063462346
541	 0.0063028276
542	 0.0062597175
543	 0.0062169022
544	 0.0061743798
545	 0.0061321482
546	 0.0060902055
547	 0.0060485496
548	 0.0060071786
549	 0.0059660905
550	 0.0059252835
551	 0.0058847555
552	 0.0058445048
553	 0.0058045293
554	 0.0057648272
555	 0.0057253967
556	 0.0056862359
557	 0.0056473429
558	 0.0056087158
559	 0.0055703530
560	 0.0055322526
561	 0.0054944127
562	 0.0054568316
563	 0.0054195076
564	 0.0053824388
565	 0.0053456236
566	 0.0053090601
567	 0.0052727468
568	 0.0052366818
569	 0.0052008634
570	 0.0051652900
571	 0.0051299599
572	 0.0050948715
573	 0.0050600230
574	 0.0050254129
575	 0.0049910395
576	 0.0049569012
577	 0.0049229964
578	 0.0048893234
579	 0.0048558808
580	 0.0048226669
581	 0.0047896801
582	 0.0047569190
583	 0.0047243819
584	 0.0046920673
585	 0.0046599738
586	 0.0046280998
587	 0.0045964438
588	 0.0045650042
589	 0.0045337797
590	 0.0045027688
591	 0.0044719700
592	 0.0044413818
593	 0.0044110028
594	 0.0043808316
595	 0.0043508667
596	 0.0043211068
597	 0.0042915504
598	 0.0042621962
599	 0.0042330427
600	 0.0042040887
601	 0.0041753326
602	 0.0041467733
603	 0.0041184092
604	 0.0040902392
605	 0.0040622618
606	 0.0040344758
607	 0.0040068798
608	 0.0039794726
609	 0.0039522528
610	 0.0039252192
611	 0.0038983705
612	 0.0038717054
613	 0.0038452227
614	 0.0038189211
615	 0.0037927994
616	 0.0037668564
617	 0.0037410908
618	 0.0037155014
619	 0.0036900871
620	 0.0036648465
621	 0.0036397786
622	 0.0036148822
623	 0.0035901560
624	 0.0035655990
625	 0.0035412099
626	 0.0035169876
627	 0.0034929310
628	 0.0034690389
629	 0.0034453103
630	 0.0034217439
631	 0.0033983387
632	 0.0033750936
633	 0.0033520075
634	 0.0033290793
635	 0.0033063079
636	 0.0032836922
637	 0.0032612313
638	 0.0032389239
639	 0.0032167692
640	 0.0031947659
641	 0.0031729132
642	 0.0031512099
643	 0.0031296551
644	 0.0031082477
645	 0.0030869867
646	 0.0030658711
647	 0.0030448999
648	 0.0030240722
649	 0.0030033870
650	 0.0029828432
651	 0.0029624399
652	 0.0029421762
653	 0.0029220511
654	 0.0029020636
655	 0.0028822128
656	 0.0028624978
657	 0.0028429177
658	 0.0028234715
659	 0.0028041583
660	 0.0027849771
661	 0.0027659272
662	 0.0027470076
663	 0.0027282174
664	 0.0027095557
665	 0.0026910216
666	 0.0026726143
667	 0.0026543329
668	 0.0026361765
669	 0.0026181444
670	 0.0026002355
671	 0.0025824492
672	 0.0025647845
673	 0.0025472406
674	 0.0025298168
675	 0.0025125121
676	 0.0024953257
677	 0.0024782570
678	 0.0024613049
679	 0.0024444688
680	 0.0024277479
681	 0.0024111413
682	 0.0023946484
683	 0.0023782682
684	 0.0023620001
685	 0.0023458432
686	 0.0023297969
687	 0.0023138603
688	 0.0022980327
689	 0.0022823133
690	 0.0022667015
691	 0.0022511965
692	 0.0022357975
693	 0.0022205039
694	 0.0022053148
695	 0.0021902297
696	 0.0021752477
697	 0.0021603682
698	 0.0021455905
699	 0.0021309138
700	 0.0021163376
701	 0.0021018610
702	 0.0020874835
703	 0.0020732043
704	 0.0020590227
705	 0.0020449382
706	 0.0020309500
707	 0.0020170575
708	 0.0020032600
709	 0.0019895569
710	 0.0019759475
711	 0.0019624312
712	 0.0019490073
713	 0.0019356753
714	 0.0019224345
715	 0.0019092842
716	 0.0018962239
717	 0.0018832529
718	 0.0018703706
719	 0.0018575764
720	 0.0018448698
721	 0.0018322501
722	 0.0018197166
723	 0.0018072690
724	 0.0017949064
725	 0.0017826284
726	 0.0017704344
727	 0.0017583238
728	 0.0017462961
729	 0.0017343506
730	 0.0017224868
731	 0.0017107042
732	 0.0016990021
733	 0.0016873802
734	 0.0016758377
735	 0.0016643741
736	 0.0016529890
737	 0.0016416817
738	 0.0016304518
739	 0.0016192987
740	 0.0016082219
741	 0.0015972208
742	 0.0015862950
743	 0.0015754440
744	 0.0015646671
745	 0.0015539640
746	 0.0015433341
747	 0.0015327768
748	 0.0015222919
749	 0.0015118786
750	 0.0015015365
751	 0.0014912652
752	 0.0014810642
753	 0.0014709329
754	 0.0014608709
755	 0.0014508778
756	 0.0014409530
757	 0.0014310961
758	 0.0014213066
759	 0.0014115840
760	 0.0014019280
761	 0.0013923380
762	 0.0013828137
763	 0.0013733544
764	 0.0013639599
765	 0.0013546297
766	 0.0013453632
767	 0.0013361602
768	 0.0013270201
769	 0.0013179425
770	 0.0013089270
771	 0.0012999731
772	 0.0012910806
773	 0.0012822488
774	 0.0012734775
775	 0.0012647661
776	 0.0012561144
777	 0.0012475218
778	 0.0012389880
779	 0.0012305126
780	 0.0012220951
781	 0.0012137352
782	 0.0012054326
783	 0.0011971867
784	 0.0011889972
785	 0.0011808637
786	 0.0011727858
787	 0.0011647633
788	 0.0011567955
789	 0.0011488823
790	 0.0011410233
791	 0.0011332179
792	 0.0011254660
793	 0.0011177671
794	 0.0011101209
795	 0.0011025269
796	 0.0010949849
797	 0.0010874945
798	 0.0010800553
799	 0.0010726671
800	 0.0010653293
801	 0.0010580418
802	 0.0010508041
803	 0.0010436159
804	 0.0010364769
805	 0.0010293867
806	 0.0010223450
807	 0.0010153514
808	 0.0010084058
809	 0.0010015076
810	 0.0009946566
811	 0.0009878525
812	 0.0009810949
813	 0.0009743835
814	 0.0009677181
815	 0.0009610982
816	 0.0009545237
817	 0.0009479941
818	 0.0009415091
819	 0.0009350685
820	 0.0009286720
821	 0.0009223193
822	 0.0009160100
823	 0.0009097438
824	 0.0009035205
825	 0.0008973398
826	 0.0008912014
827	 0.0008851049
828	 0.0008790502
829	 0.0008730368
830	 0.0008670646
831	 0.0008611333
832	 0.0008552425
833	 0.0008493920
834	 0.0008435816
835	 0.0008378109
836	 0.0008320796
837	 0.0008263876
838	 0.0008207345
839	 0.0008151201
840	 0.0008095441
841	 0.0008040062
842	 0.0007985062
843	 0.0007930438
844	 0.0007876188
845	 0.0007822309
846	 0.0007768799
847	 0.0007715654
848	 0.0007662873
849	 0.0007610454
850	 0.0007558392
851	 0.0007506687
852	 0.0007455336
853	 0.0007404336
854	 0.0007353684
855	 0.0007303380
856	 0.0007253419
857	 0.0007203800
858	 0.0007154521
859	 0.0007105578
860	 0.0007056971
861	 0.0007008695
862	 0.0006960751
863	 0.0006913134
864	 0.0006865842
865	 0.0006818875
866	 0.0006772228
867	 0.0006725901
868	 0.0006679890
869	 0.0006634195
870	 0.0006588812
871	 0.0006543739
872	 0.0006498975
873	 0.0006454517
874	 0.0006410363
875	 0.0006366511
876	 0.0006322959
877	 0.0006279704
878	 0.0006236746
879	 0.0006194082
880	 0.0006151709
881	 0.0006109627
882	 0.0006067832
883	 0.0006026323
884	 0.0005985098
885	 0.0005944155
886	 0.0005903493
887	 0.0005863108
888	 0.0005822999
889	 0.0005783165
890	 0.0005743604
891	 0.0005704313
892	 0.0005665291
893	 0.0005626535
894	 0.0005588045
895	 0.0005549818
896	 0.0005511853
897	 0.0005474147
898	 0.0005436700
899	 0.0005399508
900	 0.0005362571
901	 0.0005325887
902	 0.0005289453
903	 0.0005253269
904	 0.0005217332
905	 0.0005181641
906	 0.0005146194
907	 0.0005110990
908	 0.0005076027
909	 0.0005041302
910	 0.0005006816
911	 0.0004972565
912	 0.0004938548
913	 0.0004904764
914	 0.0004871212
915	 0.0004837888
916	 0.0004804793
917	 0.0004771924
918	 0.0004739280
919	 0.0004706859
920	 0.0004674660
921	 0.0004642682
922	 0.0004610922
923	 0.0004579379
924	 0.0004548052
925	 0.0004516940
926	 0.0004486040
927	 0.0004455351
928	 0.0004424873
929	 0.0004394603
930	 0.0004364540
931	 0.0004334683
932	 0.0004305030
933	 0.0004275580
934	 0.0004246331
935	 0.0004217282
936	 0.0004188432
937	 0.0004159780
938	 0.0004131323
939	 0.0004103061
940	 0.0004074993
941	 0.0004047116
942	 0.0004019431
943	 0.0003991934
944	 0.0003964626
945	 0.0003937504
946	 0.0003910568
947	 0.0003883816
948	 0.0003857248
949	 0.0003830861
950	 0.0003804654
951	 0.0003778627
952	 0.0003752778
953	 0.0003727105
954	 0.0003701609
955	 0.0003676286
956	 0.0003651137
957	 0.0003626160
958	 0.0003601354
959	 0.0003576717
960	 0.0003552249
961	 0.0003527949
962	 0.0003503814
963	 0.0003479845
964	 0.0003456040
965	 0.0003432397
966	 0.0003408917
967	 0.0003385597
968	 0.0003362436
969	 0.0003339434
970	 0.0003316589
971	 0.0003293901
972	 0.0003271367
973	 0.0003248988
974	 0.0003226762
975	 0.0003204688
976	 0.0003182765
977	 0.0003160992
978	 0.0003139368
979	 0.0003117892
980	 0.0003096563
981	 0.0003075379
982	 0.0003054341
983	 0.0003033446
984	 0.0003012695
985	 0.0002992085
986	 0.0002971616
987	 0.0002951288
988	 0.0002931098
989	 0.0002911047
990	 0.0002891133
991	 0.0002871354
992	 0.0002851712
993	 0.0002832203
994	 0.0002812828
995	 0.0002793586
996	 0.0002774475
997	 0.0002755495
998	 0.0002736645
999	 0.0002717924
1000	 0.0002699331
1001	 0.0002680865
1002	 0.0002662525
1003	 0.0002644311
1004	 0.0002626221
1005	 0.0002608256
1006	 0.0002590413
1007	 0.0002572692
1008	 0.0002555092
1009	 0.0002537613
1010	 0.0002520253
1011	 0.0002503012
1012	 0.0002485889
1013	 0.0002468883
1014	 0.0002451994
1015	 0.0002435220
1016	 0.0002418561
1017	 0.0002402015
1018	 0.0002385583
1019	 0.0002369264
1020	 0.0002353056
1021	 0.0002336959
1022	 0.0002320972
1023	 0.0002305094
1024	 0.0002289325
1025	 0.0002273664
1026	 0.0002258110
1027	 0.0002242662
1028	 0.0002227320
1029	 0.0002212083
1030	 0.0002196950
1031	 0.0002181921
1032	 0.0002166995
1033	 0.0002152170
1034	 0.0002137447
1035	 0.0002122825
1036	 0.0002108303
1037	 0.0002093880
1038	 0.0002079556
1039	 0.0002065330
1040	 0.0002051201
1041	 0.0002037169
1042	 0.0002023232
1043	 0.0002009392
1044	 0.0001995645
1045	 0.0001981993
1046	 0.0001968434
1047	 0.0001954968
1048	 0.0001941595
1049	 0.0001928312
1050	 0.0001915121
1051	 0.0001902019
1052	 0.0001889008
1053	 0.0001876085
1054	 0.0001863251
1055	 0.0001850504
1056	 0.0001837845
1057	 0.0001825272
1058	 0.0001812786
1059	 0.0001800384
1060	 0.0001788068
1061	 0.0001775836
1062	 0.0001763687
1063	 0.0001751622
1064	 0.0001739639
1065	 0.0001727738
1066	 0.0001715919
1067	 0.0001704180
1068	 0.0001692522
1069	 0.0001680944
1070	 0.0001669444
1071	 0.0001658024
1072	 0.0001646681
1073	 0.0001635416
1074	 0.0001624228
1075	 0.0001613117
1076	 0.0001602082
1077	 0.0001591122
1078	 0.0001580237
1079	 0.0001569427
1080	 0.0001558690
1081	 0.0001548027
1082	 0.0001537437
1083	 0.0001526920
1084	 0.0001516474
1085	 0.0001506100
1086	 0.0001495796
1087	 0.0001485564
1088	 0.0001475401
1089	 0.0001465308
1090	 0.0001455284
1091	 0.0001445328
1092	 0.0001435440
1093	 0.0001425621
1094	 0.0001415868
1095	 0.0001406182
1096	 0.0001396562
1097	 0.0001387008
1098	 0.0001377520
1099	 0.0001368096
1100	 0.0001358737
1101	 0.0001349442
1102	 0.0001340210
1103	 0.0001331042
1104	 0.0001321936
1105	 0.0001312893
1106	 0.0001303912
1107	 0.0001294991
1108	 0.0001286132
1109	 0.0001277334
1110	 0.0001268596
1111	 0.0001259917
1112	 0.0001251298
1113	 0.0001242738
1114	 0.0001234236
1115	 0.0001225793
1116	 0.0001217407
1117	 0.0001209079
1118	 0.0001200808
1119	 0.0001192593
1120	 0.0001184434
1121	 0.0001176332
1122	 0.0001168284
1123	 0.0001160292
1124	 0.0001152355
1125	 0.0001144471
1126	 0.0001136642
1127	 0.0001128866
1128	 0.0001121144
1129	 0.0001113474
1130	 0.0001105856
1131	 0.0001098291
1132	 0.0001090778
1133	 0.0001083316
1134	 0.0001075905
1135	 0.0001068545
1136	 0.0001061235
1137	 0.0001053975
1138	 0.0001046764
1139	 0.0001039604
1140	 0.0001032492
1141	 0.0001025428
1142	 0.0001018413
1143	 0.0001011446
1144	 0.0001004527
1145	 0.0000997655
1146	 0.0000990830
1147	 0.0000984052
1148	 0.0000977320
1149	 0.0000970634
1150	 0.0000963994
1151	 0.0000957399
1152	 0.0000950849
1153	 0.0000944345
1154	 0.0000937884
1155	 0.0000931468
1156	 0.0000925096
1157	 0.0000918767
1158	 0.0000912482
1159	 0.0000906240
1160	 0.0000900040
1161	 0.0000893883
1162	 0.0000887768
1163	 0.0000881695
1164	 0.0000875663
1165	 0.0000869673
1166	 0.0000863723
1167	 0.0000857814
1168	 0.0000851946
1169	 0.0000846118
1170	 0.0000840330
1171	 0.0000834581
1172	 0.0000828871
1173	 0.0000823201
1174	 0.0000817570
1175	 0.0000811976
1176	 0.0000806422
1177	 0.0000800905
1178	 0.0000795426
1179	 0.0000789984
1180	 0.0000784580
1181	 0.0000779213
1182	 0.0000773882
1183	 0.0000768588
1184	 0.0000763330
1185	 0.0000758108
1186	 0.0000752922
1187	 0.0000747771
1188	 0.0000742656
1189	 0.0000737575
1190	 0.0000732529
1191	 0.0000727518
1192	 0.0000722541
1193	 0.0000717598
1194	 0.0000712689
1195	 0.0000707813
1196	 0.0000702971
1197	 0.0000698162
1198	 0.0000693386
1199	 0.0000688643
1200	 0.0000683931
1201	 0.0000679253
1202	 0.0000674606
1203	 0.0000669991
1204	 0.0000665407
1205	 0.0000660855
1206	 0.0000656334
1207	 0.0000651844
1208	 0.0000647385
1209	 0.0000642956
1210	 0.0000638558
1211	 0.0000634189
1212	 0.0000629851
1213	 0.0000625542
1214	 0.0000621263
1215	 0.0000617013
1216	 0.0000612792
1217	 0.0000608599
1218	 0.0000604436
1219	 0.0000600301
1220	 0.0000596194
1221	 0.0000592116
1222	 0.0000588065
1223	 0.0000584042
1224	 0.0000580047
1225	 0.0000576078
1226	 0.0000572138
1227	 0.0000568223
1228	 0.0000564336
1229	 0.0000560476
1230	 0.0000556641
1231	 0.0000552833
1232	 0.0000549051
1233	 0.0000545295
1234	 0.0000541565
1235	 0.0000537860
1236	 0.0000534181
1237	 0.0000530526
1238	 0.0000526897
1239	 0.0000523292
1240	 0.0000519712
1241	 0.0000516157
1242	 0.0000512626
1243	 0.0000509119
1244	 0.0000505636
1245	 0.0000502177
1246	 0.0000498742
1247	 0.0000495330
1248	 0.0000491941
1249	 0.0000488576
1250	 0.0000485233
1251	 0.0000481914
1252	 0.0000478617
1253	 0.0000475343
1254	 0.0000472091
1255	 0.0000468861
1256	 0.0000465654
1257	 0.0000462468
1258	 0.0000459305
1259	 0.0000456162
1260	 0.0000453042
1261	 0.0000449942
1262	 0.0000446864
1263	 0.0000443807
1264	 0.0000440771
1265	 0.0000437756
1266	 0.0000434761
1267	 0.0000431787
1268	 0.0000428833
1269	 0.0000425899
1270	 0.0000422986
1271	 0.0000420092
1272	 0.0000417218
1273	 0.0000414364
1274	 0.0000411529
1275	 0.0000408714
1276	 0.0000405918
1277	 0.0000403141
1278	 0.0000400383
1279	 0.0000397644
1280	 0.0000394924
1281	 0.0000392222
1282	 0.0000389539
1283	 0.0000386874
1284	 0.0000384227
1285	 0.0000381599
1286	 0.0000378988
1287	 0.0000376396
1288	 0.0000373821
1289	 0.0000371263
1290	 0.0000368724
1291	 0.0000366201
1292	 0.0000363696
1293	 0.0000361208
1294	 0.0000358737
1295	 0.0000356283
1296	 0.0000353845
1297	 0.0000351425
1298	 0.0000349021
1299	 0.0000346633
1300	 0.0000344262
1301	 0.0000341906
1302	 0.0000339567
1303	 0.0000337244
1304	 0.0000334937
1305	 0.0000332646
1306	 0.0000330370
1307	 0.0000328110
1308	 0.0000325866
1309	 0.0000323636
1310	 0.0000321422
1311	 0.0000319223
1312	 0.0000317040
1313	 0.0000314871
1314	 0.0000312717
1315	 0.0000310577
1316	 0.0000308453
1317	 0.0000306343
1318	 0.0000304247
1319	 0.0000302165
1320	 0.0000300098
1321	 0.0000298045
1322	 0.0000296006
1323	 0.0000293981
1324	 0.0000291970
1325	 0.0000289973
1326	 0.0000287989
1327	 0.0000286019
1328	 0.0000284062
1329	 0.0000282119
1330	 0.0000280189
1331	 0.0000278272
1332	 0.0000276369
1333	 0.0000274478
1334	 0.0000272600
1335	 0.0000270735
1336	 0.0000268883
1337	 0.0000267044
1338	 0.0000265217
1339	 0.0000263402
1340	 0.0000261601
1341	 0.0000259811
1342	 0.0000258034
1343	 0.0000256268
1344	 0.0000254515
1345	 0.0000252774
1346	 0.0000251045
1347	 0.0000249327
1348	 0.0000247622
1349	 0.0000245928
1350	 0.0000244245
1351	 0.0000242574
1352	 0.0000240915
1353	 0.0000239267
1354	 0.0000237630
1355	 0.0000236004
1356	 0.0000234390
1357	 0.0000232786
1358	 0.0000231194
1359	 0.0000229612
1360	 0.0000228041
1361	 0.0000226481
1362	 0.0000224932
1363	 0.0000223393
1364	 0.0000221865
1365	 0.0000220347
1366	 0.0000218840
1367	 0.0000217343
1368	 0.0000215856
1369	 0.0000214379
1370	 0.0000212912
1371	 0.0000211456
1372	 0.0000210009
1373	 0.0000208573
1374	 0.0000207146
1375	 0.0000205729
1376	 0.0000204321
1377	 0.0000202924
1378	 0.0000201535
1379	 0.0000200157
1380	 0.0000198787
1381	 0.0000197427
1382	 0.0000196077
1383	 0.0000194735
1384	 0.0000193403
1385	 0.0000192080
1386	 0.0000190766
1387	 0.0000189461
1388	 0.0000188165
1389	 0.0000186878
1390	 0.0000185599
1391	 0.0000184330
1392	 0.0000183069
1393	 0.0000181816
1394	 0.0000180572
1395	 0.0000179337
1396	 0.0000178110
1397	 0.0000176892
1398	 0.0000175682
1399	 0.0000174480
1400	 0.0000173286
1401	 0.0000172101
1402	 0.0000170923
1403	 0.0000169754
1404	 0.0000168593
1405	 0.0000167439
1406	 0.0000166294
1407	 0.0000165156
1408	 0.0000164026
1409	 0.0000162904
1410	 0.0000161790
1411	 0.0000160683
1412	 0.0000159584
1413	 0.0000158492
1414	 0.0000157408
1415	 0.0000156331
1416	 0.0000155261
1417	 0.0000154199
1418	 0.0000153144
1419	 0.0000152097
1420	 0.0000151056
1421	 0.0000150023
1422	 0.0000148997
1423	 0.0000147977
1424	 0.0000146965
1425	 0.0000145959
1426	 0.0000144961
1427	 0.0000143969
1428	 0.0000142984
1429	 0.0000142006
1430	 0.0000141035
1431	 0.0000140070
1432	 0.0000139112
1433	 0.0000138160
1434	 0.0000137215
1435	 0.0000136276
1436	 0.0000135344
1437	 0.0000134418
1438	 0.0000133498
1439	 0.0000132585
1440	 0.0000131678
1441	 0.0000130777
1442	 0.0000129883
1443	 0.0000128994
1444	 0.0000128112
1445	 0.0000127235
1446	 0.0000126365
1447	 0.0000125500
1448	 0.0000124642
1449	 0.0000123789
1450	 0.0000122942
1451	 0.0000122101
1452	 0.0000121266
1453	 0.0000120436
1454	 0.0000119612
1455	 0.0000118794
1456	 0.0000117981
1457	 0.0000117174
1458	 0.0000116373
1459	 0.0000115577
1460	 0.0000114786
1461	 0.0000114001
1462	 0.0000113221
1463	 0.0000112446
1464	 0.0000111677
1465	 0.0000110913
1466	 0.0000110154
1467	 0.0000109401
1468	 0.0000108652
1469	 0.0000107909
1470	 0.0000107171
1471	 0.0000106438
1472	 0.0000105709
1473	 0.0000104986
1474	 0.0000104268
1475	 0.0000103555
1476	 0.0000102846
1477	 0.0000102143
1478	 0.0000101444
1479	 0.0000100750
1480	 0.0000100061
1481	 0.0000099376
1482	 0.0000098696
1483	 0.0000098021
1484	 0.0000097351
1485	 0.0000096685
1486	 0.0000096023
1487	 0.0000095366
1488	 0.0000094714
1489	 0.0000094066
1490	 0.0000093422
1491	 0.0000092783
1492	 0.0000092149
1493	 0.0000091518
1494	 0.0000090892
1495	 0.0000090270
1496	 0.0000089653
1497	 0.0000089039
1498	 0.0000088430
1499	 0.0000087825
1500	 0.0000087224
1501	 0.0000086628
1502	 0.0000086035
1503	 0.0000085447
1504	 0.0000084862
1505	 0.0000084281
1506	 0.0000083705
1507	 0.0000083132
1508	 0.0000082564
1509	 0.0000081999
1510	 0.0000081438
1511	 0.0000080881
1512	 0.0000080327
1513	 0.0000079778
1514	 0.0000079232
1515	 0.0000078690
1516	 0.0000078152
1517	 0.0000077617
1518	 0.0000077086
1519	 0.0000076559
1520	 0.0000076035
1521	 0.0000075515
1522	 0.0000074998
1523	 0.0000074485
1524	 0.0000073976
1525	 0.0000073469
1526	 0.0000072967
1527	 0.0000072468
1528	 0.0000071972
1529	 0.0000071480
1530	 0.0000070991
1531	 0.0000070505
1532	 0.0000070023
1533	 0.0000069544
1534	 0.0000069068
1535	 0.0000068595
1536	 0.0000068126
1537	 0.0000067660
1538	 0.0000067197
1539	 0.0000066737
1540	 0.0000066281
1541	 0.0000065827
1542	 0.0000065377
1543	 0.0000064930
1544	 0.0000064486
1545	 0.0000064045
1546	 0.0000063606
1547	 0.0000063171
1548	 0.0000062739
1549	 0.0000062310
1550	 0.0000061884
1551	 0.0000061460
1552	 0.0000061040
1553	 0.0000060622
1554	 0.0000060208
1555	 0.0000059796
1556	 0.0000059387
1557	 0.0000058980
1558	 0.0000058577
1559	 0.0000058176
1560	 0.0000057778
1561	 0.0000057383
1562	 0.0000056990
1563	 0.0000056600
1564	 0.0000056213
1565	 0.0000055829
1566	 0.0000055447
1567	 0.0000055067
1568	 0.0000054691
1569	 0.0000054316
1570	 0.0000053945
1571	 0.0000053576
1572	 0.0000053209
1573	 0.0000052845
1574	 0.0000052484
1575	 0.0000052125
1576	 0.0000051768
1577	 0.0000051414
1578	 0.0000051062
1579	 0.0000050713
1580	 0.0000050366
1581	 0.0000050021
1582	 0.0000049679
1583	 0.0000049339
1584	 0.0000049002
1585	 0.0000048667
1586	 0.0000048334
1587	 0.0000048003
1588	 0.0000047675
1589	 0.0000047349
1590	 0.0000047025
1591	 0.0000046703
1592	 0.0000046383
1593	 0.0000046066
1594	 0.0000045751
1595	 0.0000045438
1596	 0.0000045127
1597	 0.0000044818
1598	 0.0000044512
1599	 0.0000044207
1600	 0.0000043905
1601	 0.0000043605
1602	 0.0000043306
1603	 0.0000043010
1604	 0.0000042716
1605	 0.0000042424
1606	 0.0000042133
1607	 0.0000041845
1608	 0.0000041559
1609	 0.0000041274
1610	 0.0000040992
1611	 0.0000040712
1612	 0.0000040433
1613	 0.0000040157
1614	 0.0000039882
1615	 0.0000039609
1616	 0.0000039338
1617	 0.0000039069
1618	 0.0000038802
1619	 0.0000038536
1620	 0.0000038273
1621	 0.0000038011
1622	 0.0000037751
1623	 0.0000037492
1624	 0.0000037236
1625	 0.0000036981
1626	 0.0000036728
1627	 0.0000036477
1628	 0.0000036227
1629	 0.0000035980
1630	 0.0000035733
1631	 0.0000035489
1632	 0.0000035246
1633	 0.0000035005
1634	 0.0000034766
1635	 0.0000034528
1636	 0.0000034292
1637	 0.0000034057
1638	 0.0000033824
1639	 0.0000033593
1640	 0.0000033363
1641	 0.0000033135
1642	 0.0000032908
1643	 0.0000032683
1644	 0.0000032459
1645	 0.0000032237
1646	 0.0000032017
1647	 0.0000031798
1648	 0.0000031580
1649	 0.0000031364
1650	 0.0000031149
1651	 0.0000030936
1652	 0.0000030725
1653	 0.0000030515
1654	 0.0000030306
1655	 0.0000030098
1656	 0.0000029893
1657	 0.0000029688
1658	 0.0000029485
1659	 0.0000029283
1660	 0.0000029083
1661	 0.0000028884
1662	 0.0000028686
1663	 0.0000028490
1664	 0.0000028295
1665	 0.0000028102
1666	 0.0000027909
1667	 0.0000027718
1668	 0.0000027529
1669	 0.0000027340
1670	 0.0000027153
1671	 0.0000026968
1672	 0.0000026783
1673	 0.0000026600
1674	 0.0000026418
1675	 0.0000026237
1676	 0.0000026058
1677	 0.0000025880
1678	 0.0000025702
1679	 0.0000025527
1680	 0.0000025352
1681	 0.0000025179
1682	 0.0000025006
1683	 0.0000024835
1684	 0.0000024665
1685	 0.0000024497
1686	 0.0000024329
1687	 0.0000024163
1688	 0.0000023997
1689	 0.0000023833
1690	 0.0000023670
1691	 0.0000023508
1692	 0.0000023347
1693	 0.0000023188
1694	 0.0000023029
1695	 0.0000022871
1696	 0.0000022715
1697	 0.0000022560
1698	 0.0000022405
1699	 0.0000022252
1700	 0.0000022100
1701	 0.0000021949
1702	 0.0000021798
1703	 0.0000021649
1704	 0.0000021501
1705	 0.0000021354
1706	 0.0000021208
1707	 0.0000021063
1708	 0.0000020919
1709	 0.0000020776
1710	 0.0000020634
1711	 0.0000020492
1712	 0.0000020352
1713	 0.0000020213
1714	 0.0000020075
1715	 0.0000019937
1716	 0.0000019801
1717	 0.0000019666
1718	 0.0000019531
1719	 0.0000019397
1720	 0.0000019265
1721	 0.0000019133
1722	 0.0000019002
1723	 0.0000018872
1724	 0.0000018743
1725	 0.0000018615
1726	 0.0000018487
1727	 0.0000018361
1728	 0.0000018235
1729	 0.0000018111
1730	 0.0000017987
1731	 0.0000017864
1732	 0.0000017741
1733	 0.0000017620
1734	 0.0000017499
1735	 0.0000017380
1736	 0.0000017261
1737	 0.0000017143
1738	 0.0000017025
1739	 0.0000016909
1740	 0.0000016793
1741	 0.0000016678
1742	 0.0000016564
1743	 0.0000016451
1744	 0.0000016338
1745	 0.0000016227
1746	 0.0000016116
1747	 0.0000016005
1748	 0.0000015896
1749	 0.0000015787
1750	 0.0000015679
1751	 0.0000015572
1752	 0.0000015465
1753	 0.0000015360
1754	 0.0000015255
1755	 0.0000015150
1756	 0.0000015047
1757	 0.0000014944
1758	 0.0000014841
1759	 0.0000014740
1760	 0.0000014639
1761	 0.0000014539
1762	 0.0000014439
1763	 0.0000014341
1764	 0.0000014243
1765	 0.0000014145
1766	 0.0000014048
1767	 0.0000013952
1768	 0.0000013857
1769	 0.0000013762
1770	 0.0000013668
1771	 0.0000013574
1772	 0.0000013481
1773	 0.0000013389
1774	 0.0000013298
1775	 0.0000013207
1776	 0.0000013116
1777	 0.0000013027
1778	 0.0000012937
1779	 0.0000012849
1780	 0.0000012761
1781	 0.0000012674
1782	 0.0000012587
1783	 0.0000012501
1784	 0.0000012415
1785	 0.0000012330
1786	 0.0000012246
1787	 0.0000012162
1788	 0.0000012079
1789	 0.0000011997
1790	 0.0000011914
1791	 0.0000011833
1792	 0.0000011752
1793	 0.0000011672
1794	 0.0000011592
1795	 0.0000011512
1796	 0.0000011434
1797	 0.0000011355
1798	 0.0000011278
1799	 0.0000011201
1800	 0.0000011124
1801	 0.0000011048
1802	 0.0000010972
1803	 0.0000010897
1804	 0.0000010823
1805	 0.0000010749
1806	 0.0000010675
1807	 0.0000010602
1808	 0.0000010530
1809	 0.0000010458
1810	 0.0000010386
1811	 0.0000010315
1812	 0.0000010244
1813	 0.0000010174
1814	 0.0000010105
1815	 0.0000010036
1816	 0.0000009967
1817	 0.0000009899
1818	 0.0000009831
1819	 0.0000009764
1820	 0.0000009697
1821	 0.0000009631
1822	 0.0000009565
1823	 0.0000009499
1824	 0.0000009434
1825	 0.0000009370
1826	 0.0000009306
1827	 0.0000009242
1828	 0.0000009179
1829	 0.0000009116
1830	 0.0000009054
1831	 0.0000008992
1832	 0.0000008930
1833	 0.0000008869
1834	 0.0000008808
1835	 0.0000008748
1836	 0.0000008688
1837	 0.0000008629
1838	 0.0000008570
1839	 0.0000008511
1840	 0.0000008453
1841	 0.0000008395
1842	 0.0000008338
1843	 0.0000008281
1844	 0.0000008224
1845	 0.0000008168
1846	 0.0000008112
1847	 0.0000008056
1848	 0.0000008001
1849	 0.0000007947
1850	 0.0000007892
1851	 0.0000007838
1852	 0.0000007785
1853	 0.0000007731
1854	 0.0000007678
1855	 0.0000007626
1856	 0.0000007574
1857	 0.0000007522
1858	 0.0000007470
1859	 0.0000007419
1860	 0.0000007369
1861	 0.0000007318
1862	 0.0000007268
1863	 0.0000007218
1864	 0.0000007169
1865	 0.0000007120
1866	 0.0000007071
1867	 0.0000007023
1868	 0.0000006975
1869	 0.0000006927
1870	 0.0000006880
1871	 0.0000006833
1872	 0.0000006786
1873	 0.0000006740
1874	 0.0000006693
1875	 0.0000006648
1876	 0.0000006602
1877	 0.0000006557
1878	 0.0000006512
1879	 0.0000006468
1880	 0.0000006423
1881	 0.0000006379
1882	 0.0000006336
1883	 0.0000006292
1884	 0.0000006249
1885	 0.0000006207
1886	 0.0000006164
1887	 0.0000006122
1888	 0.0000006080
1889	 0.0000006039
1890	 0.0000005997
1891	 0.0000005956
1892	 0.0000005915
1893	 0.0000005875
1894	 0.0000005835
1895	 0.0000005795
1896	 0.0000005755
1897	 0.0000005716
1898	 0.0000005677
1899	 0.0000005638
1900	 0.0000005599
1901	 0.0000005561
1902	 0.0000005523
1903	 0.0000005485
1904	 0.0000005448
1905	 0.0000005410
1906	 0.0000005373
1907	 0.0000005337
1908	 0.0000005300
1909	 0.0000005264
1910	 0.0000005228
1911	 0.0000005192
1912	 0.0000005157
1913	 0.0000005121
1914	 0.0000005086
1915	 0.0000005051
1916	 0.0000005017
1917	 0.0000004983
1918	 0.0000004948
1919	 0.0000004915
1920	 0.0000004881
1921	 0.0000004848
1922	 0.0000004814
1923	 0.0000004782
1924	 0.0000004749
1925	 0.0000004716
1926	 0.0000004684
1927	 0.0000004652
1928	 0.0000004620
1929	 0.0000004589
1930	 0.0000004557
1931	 0.0000004526
1932	 0.0000004495
1933	 0.0000004464
1934	 0.0000004434
1935	 0.0000004403
1936	 0.0000004373
1937	 0.0000004343
1938	 0.0000004314
1939	 0.0000004284
1940	 0.0000004255
1941	 0.0000004226
1942	 0.0000004197
1943	 0.0000004168
1944	 0.0000004140
1945	 0.0000004111
1946	 0.0000004083
1947	 0.0000004055
1948	 0.0000004027
1949	 0.0000004000
1950	 0.0000003973
1951	 0.0000003945
1952	 0.0000003918
1953	 0.0000003892
1954	 0.0000003865
1955	 0.0000003839
1956	 0.0000003812
1957	 0.0000003786
1958	 0.0000003760
1959	 0.0000003735
1960	 0.0000003709
1961	 0.0000003684
1962	 0.0000003658
1963	 0.0000003633
1964	 0.0000003609
1965	 0.0000003584
1966	 0.0000003559
1967	 0.0000003535
1968	 0.0000003511
1969	 0.0000003487
1970	 0.0000003463
1971	 0.0000003439
1972	 0.0000003416
1973	 0.0000003392
1974	 0.0000003369
1975	 0.0000003346
1976	 0.0000003323
1977	 0.0000003300
1978	 0.0000003278
1979	 0.0000003255
1980	 0.0000003233
1981	 0.0000003211
1982	 0.0000003189
1983	 0.0000003167
1984	 0.0000003146
1985	 0.0000003124
1986	 0.0000003103
1987	 0.0000003082
1988	 0.0000003060
1989	 0.0000003040
1990	 0.0000003019
1991	 0.0000002998
1992	 0.0000002978
1993	 0.0000002957
1994	 0.0000002937
1995	 0.0000002917
1996	 0.0000002897
1997	 0.0000002877
1998	 0.0000002857
1999	 0.0000002838
2000	 0.0000002818
2001	 0.0000002799
2002	 0.0000002780
2003	 0.0000002761
2004	 0.0000002742
2005	 0.0000002723
2006	 0.0000002705
2007	 0.0000002686
2008	 0.0000002668
2009	 0.0000002650
2010	 0.0000002631
2011	 0.0000002613
2012	 0.0000002596
2013	 0.0000002578
2014	 0.0000002560
2015	 0.0000002543
2016	 0.0000002525
2017	 0.0000002508
2018	 0.0000002491
2019	 0.0000002474
2020	 0.0000002457
2021	 0.0000002440
2022	 0.0000002423
2023	 0.0000002407
2024	 0.0000002390
2025	 0.0000002374
2026	 0.0000002358
2027	 0.0000002342
2028	 0.0000002326
2029	 0.0000002310
2030	 0.0000002294
2031	 0.0000002278
2032	 0.0000002263
2033	 0.0000002247
2034	 0.0000002232
2035	 0.0000002216
2036	 0.0000002201
2037	 0.0000002186
2038	 0.0000002171
2039	 0.0000002156
2040	 0.0000002142
2041	 0.0000002127
2042	 0.0000002113
2043	 0.0000002098
2044	 0.0000002084
2045	 0.0000002069
2046	 0.0000002055
2047	 0.0000002041
2048	 0.0000002027
2049	 0.0000002013
2050	 0.0000002000
2051	 0.0000001986
2052	 0.0000001972
2053	 0.0000001959
2054	 0.0000001945
2055	 0.0000001932
2056	 0.0000001919
2057	 0.0000001906
2058	 0.0000001893
2059	 0.0000001880
2060	 0.0000001867
2061	 0.0000001854
2062	 0.0000001842
2063	 0.0000001829
2064	 0.0000001816
2065	 0.0000001804
2066	 0.0000001792
2067	 0.0000001779
2068	 0.0000001767
2069	 0.0000001755
2070	 0.0000001743
2071	 0.0000001731
2072	 0.0000001719
2073	 0.0000001708
2074	 0.0000001696
2075	 0.0000001684
2076	 0.0000001673
2077	 0.0000001661
2078	 0.0000001650
2079	 0.0000001639
2080	 0.0000001627
2081	 0.0000001616
2082	 0.0000001605
2083	 0.0000001594
2084	 0.0000001583
2085	 0.0000001573
2086	 0.0000001562
2087	 0.0000001551
2088	 0.0000001540
2089	 0.0000001530
2090	 0.0000001519
2091	 0.0000001509
2092	 0.0000001499
2093	 0.0000001489
2094	 0.0000001478
2095	 0.0000001468
2096	 0.0000001458
2097	 0.0000001448
2098	 0.0000001438
2099	 0.0000001428
2100	 0.0000001419
2101	 0.0000001409
2102	 0.0000001399
2103	 0.0000001390
2104	 0.0000001380
2105	 0.0000001371
2106	 0.0000001361
2107	 0.0000001352
2108	 0.0000001343
2109	 0.0000001334
2110	 0.0000001325
2111	 0.0000001315
2112	 0.0000001306
2113	 0.0000001298
2114	 0.0000001289
2115	 0.0000001280
2116	 0.0000001271
2117	 0.0000001262
2118	 0.0000001254
2119	 0.0000001245
2120	 0.0000001237
2121	 0.0000001228
2122	 0.0000001220
2123	 0.0000001211
2124	 0.0000001203
2125	 0.0000001195
2126	 0.0000001187
2127	 0.0000001179
2128	 0.0000001171
2129	 0.0000001163
2130	 0.0000001155
2131	 0.0000001147
2132	 0.0000001139
2133	 0.0000001131
2134	 0.0000001123
2135	 0.0000001116
2136	 0.0000001108
2137	 0.0000001100
2138	 0.0000001093
2139	 0.0000001085
2140	 0.0000001078
2141	 0.0000001071
2142	 0.0000001063
2143	 0.0000001056
2144	 0.0000001049
2145	 0.0000001042
2146	 0.0000001035
2147	 0.0000001027
2148	 0.0000001020
2149	 0.0000001013
2150	 0.0000001007
2151	 0.0000001000
2152	 0.0000000993
2153	 0.0000000986
2154	 0.0000000979
2155	 0.0000000973
2156	 0.0000000966
2157	 0.0000000959
2158	 0.0000000953
2159	 0.0000000946
2160	 0.0000000940
2161	 0.0000000933
2162	 0.0000000927
2163	 0.0000000921
2164	 0.0000000914
2165	 0.0000000908
2166	 0.0000000902
2167	 0.0000000896
2168	 0.0000000890
2169	 0.0000000883
2170	 0.0000000877
2171	 0.0000000871
2172	 0.0000000865
2173	 0.0000000860
2174	 0.0000000854
2175	 0.0000000848
2176	 0.0000000842
2177	 0.0000000836
2178	 0.0000000831
2179	 0.0000000825
2180	 0.0000000819
2181	 0.0000000814
2182	 0.0000000808
2183	 0.0000000802
2184	 0.0000000797
2185	 0.0000000792
2186	 0.0000000786
2187	 0.0000000781
2188	 0.0000000775
2189	 0.0000000770
2190	 0.0000000765
2191	 0.0000000760
2192	 0.0000000754
2193	 0.0000000749
2194	 0.0000000744
2195	 0.0000000739
2196	 0.0000000734
2197	 0.0000000729
2198	 0.0000000724
2199	 0.0000000719
2200	 0.0000000714
2201	 0.0000000709
2202	 0.0000000704
2203	 0.0000000700
2204	 0.0000000695
2205	 0.0000000690
2206	 0.0000000685
2207	 0.0000000681
2208	 0.0000000676
2209	 0.0000000671
2210	 0.0000000667
2211	 0.0000000662
2212	 0.0000000658
2213	 0.0000000653
2214	 0.0000000649
2215	 0.0000000644
2216	 0.0000000640
2217	 0.0000000635
2218	 0.0000000631
2219	 0.0000000627
2220	 0.0000000622
2221	 0.0000000618
2222	 0.0000000614
2223	 0.0000000610
2224	 0.0000000606
2225	 0.0000000601
2226	 0.0000000597
2227	 0.0000000593
2228	 0.0000000589
2229	 0.0000000585
2230	 0.0000000581
2231	 0.0000000577
2232	 0.0000000573
2233	 0.0000000569
2234	 0.0000000565
2235	 0.0000000562
2236	 0.0000000558
2237	 0.0000000554
2238	 0.0000000550
2239	 0.0000000546
2240	 0.0000000543
2241	 0.0000000539
2242	 0.0000000535
2243	 0.0000000532
2244	 0.0000000528
2245	 0.0000000524
2246	 0.0000000521
2247	 0.0000000517
2248	 0.0000000514
2249	 0.0000000510
2250	 0.0000000507
2251	 0.0000000503
2252	 0.0000000500
2253	 0.0000000496
2254	 0.0000000493
2255	 0.0000000490
2256	 0.0000000486
2257	 0.0000000483
2258	 0.0000000480
2259	 0.0000000476
2260	 0.0000000473
2261	 0.0000000470
2262	 0.0000000467
2263	 0.0000000463
2264	 0.0000000460
2265	 0.0000000457
2266	 0.0000000454
2267	 0.0000000451
2268	 0.0000000448
2269	 0.0000000445
2270	 0.0000000442
2271	 0.0000000439
2272	 0.0000000436
2273	 0.0000000433
2274	 0.0000000430
2275	 0.0000000427
2276	 0.0000000424
2277	 0.0000000421
2278	 0.0000000418
2279	 0.0000000415
2280	 0.0000000412
2281	 0.0000000410
2282	 0.0000000407
2283	 0.0000000404
2284	 0.0000000401
2285	 0.0000000398
2286	 0.0000000396
2287	 0.0000000393
2288	 0.0000000390
2289	 0.0000000388
2290	 0.0000000385
2291	 0.0000000382
2292	 0.0000000380
2293	 0.0000000377
2294	 0.0000000375
2295	 0.0000000372
2296	 0.0000000369
2297	 0.0000000367
2298	 0.0000000364
2299	 0.0000000362
2300	 0.0000000359
2301	 0.0000000357
2302	 0.0000000355
2303	 0.0000000352
2304	 0.0000000350
2305	 0.0000000347
2306	 0.0000000345
2307	 0.0000000343
2308	 0.0000000340
2309	 0.0000000338
2310	 0.0000000336
2311	 0.0000000333
2312	 0.0000000331
2313	 0.0000000329
2314	 0.0000000327
2315	 0.0000000324
2316	 0.0000000322
2317	 0.0000000320
2318	 0.0000000318
2319	 0.0000000315
2320	 0.0000000313
2321	 0.0000000311
2322	 0.0000000309
2323	 0.0000000307
2324	 0.0000000305
2325	 0.0000000303
2326	 0.0000000301
2327	 0.0000000299
2328	 0.0000000297
2329	 0.0000000295
2330	 0.0000000293
2331	 0.0000000291
2332	 0.0000000289
2333	 0.0000000287
2334	 0.0000000285
2335	 0.0000000283
2336	 0.0000000281
2337	 0.0000000279
2338	 0.0000000277
2339	 0.0000000275
2340	 0.0000000273
2341	 0.0000000271
2342	 0.0000000269
2343	 0.0000000268
2344	 0.0000000266
2345	 0.0000000264
2346	 0.0000000262
2347	 0.0000000260
2348	 0.0000000259
2349	 0.0000000257
2350	 0.0000000255
2351	 0.0000000253
2352	 0.0000000252
2353	 0.0000000250
2354	 0.0000000248
2355	 0.0000000246
2356	 0.0000000245
2357	 0.0000000243
2358	 0.0000000241
2359	 0.0000000240
2360	 0.0000000238
2361	 0.0000000236
2362	 0.0000000235
2363	 0.0000000233
2364	 0.0000000232
2365	 0.0000000230
2366	 0.0000000228
2367	 0.0000000227
2368	 0.0000000225
2369	 0.0000000224
2370	 0.0000000222
2371	 0.0000000221
2372	 0.0000000219
2373	 0.0000000218
2374	 0.0000000216
2375	 0.0000000215
2376	 0.0000000213
2377	 0.0000000212
2378	 0.0000000210
2379	 0.0000000209
2380	 0.0000000208
2381	 0.0000000206
2382	 0.0000000205
2383	 0.0000000203
2384	 0.0000000202
2385	 0.0000000201
2386	 0.0000000199
2387	 0.0000000198
2388	 0.0000000196
2389	 0.0000000195
2390	 0.0000000194
2391	 0.0000000192
2392	 0.0000000191
2393	 0.0000000190
2394	 0.0000000189
2395	 0.0000000187
2396	 0.0000000186
2397	 0.0000000185
2398	 0.0000000183
2399	 0.0000000182
2400	 0.0000000181
2401	 0.0000000180
2402	 0.0000000178
2403	 0.0000000177
2404	 0.0000000176
2405	 0.0000000175
2406	 0.0000000174
2407	 0.0000000172
2408	 0.0000000171
2409	 0.0000000170
2410	 0.0000000169
2411	 0.0000000168
2412	 0.0000000167
2413	 0.0000000165
2414	 0.0000000164
2415	 0.0000000163
2416	 0.0000000162
2417	 0.0000000161
2418	 0.0000000160
2419	 0.0000000159
2420	 0.0000000158
2421	 0.0000000157
2422	 0.0000000156
2423	 0.0000000155
2424	 0.0000000153
2425	 0.0000000152
2426	 0.0000000151
2427	 0.0000000150
2428	 0.0000000149
2429	 0.0000000148
2430	 0.0000000147
2431	 0.0000000146
2432	 0.0000000145
2433	 0.0000000144
2434	 0.0000000143
2435	 0.0000000142
2436	 0.0000000141
2437	 0.0000000140
2438	 0.0000000139
2439	 0.0000000138
2440	 0.0000000137
2441	 0.0000000137
2442	 0.0000000136
2443	 0.0000000135
2444	 0.0000000134
2445	 0.0000000133
2446	 0.0000000132
2447	 0.0000000131
2448	 0.0000000130
2449	 0.0000000129
2450	 0.0000000128
2451	 0.0000000127
2452	 0.0000000127
2453	 0.0000000126
2454	 0.0000000125
2455	 0.0000000124
2456	 0.0000000123
2457	 0.0000000122
2458	 0.0000000122
2459	 0.0000000121
2460	 0.0000000120
2461	 0.0000000119
2462	 0.0000000118
2463	 0.0000000117
2464	 0.0000000117
2465	 0.0000000116
2466	 0.0000000115
2467	 0.0000000114
2468	 0.0000000113
2469	 0.0000000113
2470	 0.0000000112
2471	 0.0000000111
2472	 0.0000000110
2473	 0.0000000110
2474	 0.0000000109
2475	 0.0000000108
2476	 0.0000000107
2477	 0.0000000107
2478	 0.0000000106
2479	 0.0000000105
2480	 0.0000000104
2481	 0.0000000104
2482	 0.0000000103
2483	 0.0000000102
2484	 0.0000000102
2485	 0.0000000101
2486	 0.0000000100
2487	 0.0000000100
